640 360
640 360
640 360


941 967 1349.29
640 360
640 368
640 360


34 -982.768 983.356
640 368
640.388 364.8
640.775 368


456.512 951.009 1054.9
640.388 364.8
680.464 456.287
640.388 547.774


-981.395 986.83 1391.75
680.464 456.287
614.668 514.403
548.872 456.287


-916.013 -986.241 1346.01
614.668 514.403
590.805 480.71
566.942 514.403


-915.028 1020.96 1371
590.805 480.71
567.424 514.798
544.043 480.71


-1010.57 -1060.39 1464.81
567.424 514.798
543.256 481.438
519.088 514.798


-870.784 957.308 1294.1
543.256 481.438
536.116 497.287
543.256 513.136


808.971 1026.11 1306.65
536.116 497.287
558.441 515.457
580.766 497.287


873.783 -996.382 1325.25
558.441 515.457
581.958 480.64
605.474 515.457


1088.34 820.82 1363.17
581.958 480.64
619.982 517.318
658.006 480.64


912.264 -912.834 1290.54
619.982 517.318
685.833 443.425
619.982 369.532


-986.842 -916.518 1346.8
685.833 443.425
644.276 412.259
685.833 381.093


915.849 -977.043 1339.18
644.276 412.259
683.531 378.916
644.276 345.573


-921.731 -970.834 1338.7
683.531 378.916
668.331 371.333
653.132 378.916


-996.778 784.322 1268.36
668.331 371.333
631.872 408.021
668.331 444.71


1031.1 1004.12 1439.24
631.872 408.021
623.872 408.021
631.872 408.021


951.768 12 951.843
623.872 408.021
627.069 408.162
623.872 408.304


-959.063 140.174 969.253
627.069 408.162
584.427 413.226
627.069 418.289


863.008 500.314 997.546
584.427 413.226
623.453 431.212
584.427 449.199


-931.244 833.997 1250.11
623.453 431.212
580.975 462.089
538.498 431.212


-902.431 -950.836 1310.9
580.975 462.089
532.736 403.262
580.975 344.436


927.389 -997.865 1362.27
532.736 403.262
572.756 368.809
532.736 334.356


-917.045 -986.988 1347.26
572.756 368.809
477.076 274.442
572.756 180.074


909.802 -975.676 1334.05
477.076 274.442
517.2 239.991
477.076 205.54


-913.55 -1053.91 1394.74
517.2 239.991
478.881 205.014
440.562 239.991


-955.329 978.063 1367.21
478.881 205.014
446.583 246.08
414.285 205.014


-998.561 -1024.1 1430.35
446.583 246.08
446.583 238.08
446.583 246.08


23 1023.77 1024.03
446.583 238.08
446.85 241.986
447.118 238.08


296.487 -857.089 906.921
446.85 241.986
458.303 200.88
469.755 241.986


962.474 919.06 1330.8
458.303 200.88
517.702 265.6
458.303 330.319


-881.222 904.019 1262.46
517.702 265.6
476.824 299.328
517.702 333.056


966.584 982.991 1378.61
476.824 299.328
533.93 349.267
476.824 399.207


-993.723 1030.02 1431.23
533.93 349.267
533.684 357.814
533.93 366.36


209.3 902.455 926.408
533.684 357.814
565.279 459.547
596.873 357.814


261.944 -1019.85 1052.95
565.279 459.547
573.824 418.278
565.279 377.009


-864.504 -958.951 1291.11
573.824 418.278
534.93 384.009
573.824 349.74


1001.09 -942.656 1375.06
534.93 384.009
576.615 352.29
534.93 320.57


-1091.92 -917.798 1426.41
576.615 352.29
568.615 352.29
576.615 352.29


1075.77 48 1076.84
568.615 352.29
571.804 352.789
568.615 353.288


-994.694 422.237 1080.6
571.804 352.789
531.546 366.482
571.804 380.176


947.762 989.283 1370.01
531.546 366.482
572.059 400.42
531.546 434.359


-913.867 923.068 1298.93
572.059 400.42
530.886 433.928
572.059 467.436


1051.66 1046.6 1483.7
530.886 433.928
563.214 458.139
595.543 433.928


967.445 -925.455 1338.81
563.214 458.139
647.891 369.138
732.568 458.139


890.77 829.018 1216.86
647.891 369.138
681.193 408.131
647.891 447.123


-1038.63 956.459 1411.93
681.193 408.131
639.047 439.575
681.193 471.02


954.222 948.844 1345.68
639.047 439.575
679.505 471.851
639.047 504.127


-950.55 916.915 1320.71
679.505 471.851
620.562 520.992
561.618 471.851


-934.774 -931.227 1319.46
620.562 520.992
588.196 480.749
555.83 520.992


-1004.52 978.386 1402.25
588.196 480.749
563.105 513.187
538.014 480.749


-1028.36 -981.613 1421.65
563.105 513.187
537.767 481.001
512.429 513.187


-972.899 962.326 1368.43
537.767 481.001
528.822 497.848
537.767 514.695


971.464 956.996 1363.67
528.822 497.848
536.822 497.848
528.822 497.848


-1009.77 86 1013.42
536.822 497.848
532.232 498.92
536.822 499.992


919.95 1019.79 1373.42
532.232 498.92
556.174 516.592
580.116 498.92


947.061 -1025.53 1395.94
556.174 516.592
587.545 474.621
618.917 516.592


969.591 842.409 1284.43
587.545 474.621
622.555 513.038
657.564 474.621


998.9 -846.673 1309.45
622.555 513.038
684.663 452.395
622.555 391.752


-926.198 -979.565 1348.11
684.663 452.395
644.325 418.194
684.663 383.994


1051.65 -1000.67 1451.66
644.325 418.194
685.36 386.761
644.325 355.327


-921.34 -974.518 1341.1
685.36 386.761
661.438 369.92
637.517 386.761


-867.285 1017.61 1337.06
661.438 369.92
639.196 404.018
661.438 438.116


898.296 1061.69 1390.73
639.196 404.018
684.401 447.99
639.196 491.962


-1052.78 908.955 1390.88
684.401 447.99
641.823 477.844
684.401 507.698


976.623 1001.24 1398.67
